58;66;94;39690;39690;0;0.1;1;3;35;0;0;0;1; 1
58;66;95;39690;39690;0;0.2;1;3;4;0;0;0;1; 1
58;66;96;39690;39690;0;1;1;3;12;0;0;0;1; 1
58;66;97;39690;39690;0;2.3;1;3;5;0;0;0;1; 1
57;67;100;39690;39690;314.9;0;1;1;8;0;0;0;1; 3
59;68;103;39690;39690;16500;2.6;1;3;37;0;0;0;1; 1
59;68;102;39690;39690;9891;2.6;1;3;20;0;0;0;1; 1
59;68;101;39690;39690;18000;2.6;1;3;3;0;0;0;1; 1
65;69;104;39780;39779;950;2.6;1;1;40;0;0;0;1; 3
46;54;75;39578;39578;32.8;0;1;1;8;0;0;0;1; 3
39;56;77;39578;39578;490;0;1;3;40;0;0;0;1; 1
5;45;9;39397;39397;0;6.4;1;1;40;0;0;0;1; 3
5;45;8;39397;39397;0;6.4;1;1;20;0;0;0;1; 3
54;46;10;39397;39404;85.7;6.4;1;1;23;0;0;0;1; 3
24;24;47;38714;38714;950;2.5;1;3;40;0;0;0;1; 1
66;70;105;39780;39780;213613.6;8.3;1;1;23;0;0;0;1; 3
60;71;108;39792;39792;10330.6;2.6;1;1;3;0;0;0;1; 3
60;71;107;39792;39792;10330.6;2.6;1;1;20;0;0;0;1; 3
64;74;111;39957;39957;3099.2;2.6;1;1;37;0;0;0;1; 3
25;25;48;38716;38715;950;2.5;1;3;40;0;0;0;1; 1
26;26;49;38870;38870;950;2.5;1;3;40;0;0;0;1; 1
27;27;50;38870;38870;950;2.5;1;3;40;0;0;0;1; 1
28;28;51;38970;38970;950;6.4;1;3;40;0;0;0;1; 1
29;29;53;39023;39023;98.9;6.4;1;3;37;0;0;0;1; 1
29;29;52;39023;39023;890.2;6.4;1;3;37;0;0;0;1; 1
30;30;54;39046;39046;950;6.4;1;3;40;0;0;0;1; 1
32;34;58;39144;39144;9250;6.4;1;3;40;0;0;0;1; 1
10;35;57;39100;39059;952.6;6.4;1;1;40;0;0;0;1; 3
33;33;59;39100;39100;950;6.4;1;3;40;0;0;0;1; 1
34;36;62;39199;39195;989.1;6.4;1;3;37;0;0;0;1; 1
34;36;63;39199;39195;989.1;6.4;1;3;20;0;0;0;1; 1
34;36;61;39199;39195;989.1;6.4;1;3;3;0;0;0;1; 1
34;36;60;39199;39195;4050;6.4;1;3;23;0;0;0;1; 1
35;37;64;39199;39199;950;6.4;1;3;40;0;0;0;1; 1
35;37;65;39199;39199;4025;6.4;1;3;23;0;0;0;1; 1
1;43;69;39313;39313;950;6.4;1;3;40;0;0;0;1; 1
11;2;12;38693;38693;950;2.7;1;3;40;0;0;0;1; 1
7;1;11;38680;38680;950;2.7;1;3;40;0;0;0;1; 1
12;4;13;38693;38693;99.9;2.7;1;3;40;0;0;0;1; 1
8;3;16;38680;38680;30;2.7;1;3;40;0;0;0;1; 1
8;3;15;38680;38680;10;2.7;1;3;40;0;0;0;1; 1
8;3;14;38680;38680;10;2.7;1;3;40;0;0;0;1; 1
13;7;17;38693;38693;99.9;2.7;1;3;40;0;0;0;1; 1
9;10;22;38680;38680;20;2.7;1;3;40;0;0;0;1; 1
9;8;21;38680;38680;10;2.7;1;3;40;0;0;0;1; 1
9;6;19;38680;38680;10;2.7;1;3;40;0;0;0;1; 1
9;5;18;38680;38680;10;2.7;1;3;40;0;0;0;1; 1
15;9;20;38693;38693;99.9;2.7;1;3;40;0;0;0;1; 1
48;11;23;38680;38680;99.9;2.7;1;3;40;0;0;0;1; 1
49;12;25;38682;38680;10;2.7;1;3;40;0;0;0;1; 1
14;13;26;38682;38682;3505.5;2.7;1;3;40;0;0;0;1; 1
16;15;33;38695;38695;499.5;2.5;1;3;40;0;0;0;1; 1
17;16;34;38695;38695;99.9;2.5;1;3;40;0;0;0;1; 1
18;17;35;38695;38695;99.9;2.5;1;3;40;0;0;0;1; 1
50;18;41;38696;38695;69.2;2;1;3;37;0;0;0;1; 1
50;18;36;38696;38695;9.9;2;1;3;37;0;0;0;1; 1
50;14;32;38695;38695;9.9;2;1;3;37;0;0;0;1; 1
50;14;31;38695;38695;9.9;2;1;3;37;0;0;0;1; 1
50;18;39;38696;38695;69.2;2;1;3;37;0;0;0;1; 1
50;18;37;38696;38695;9.9;2;1;3;37;0;0;0;1; 1
50;14;28;38695;38695;9.9;2;1;3;37;0;0;0;1; 1
50;14;27;38695;38695;9.9;2;1;3;37;0;0;0;1; 1
50;18;40;38696;38695;69.9;2;1;3;40;0;0;0;1; 1
50;18;38;38696;38695;10;2;1;3;40;0;0;0;1; 1
50;14;30;38695;38695;10;2;1;3;40;0;0;0;1; 1
50;14;29;38695;38695;10;2;1;3;40;0;0;0;1; 1
19;19;42;38697;38697;950;2.5;1;3;40;0;0;0;1; 1
21;21;44;38697;38697;98.9;2.5;1;3;37;0;0;0;1; 1
22;22;45;38697;38697;950;2.5;1;3;40;0;0;0;1; 1
23;23;46;38714;38714;950;2.5;1;3;40;0;0;0;1; 1
6;49;2;39509;39509;10440.5;6.4;1;1;37;0;0;0;1; 3
38;48;1;39479;39488;950;6.4;1;3;40;0;0;0;1; 1
3;51;3;39479;39486;0;16.4;1;3;24;0;0;0;1; 1
37;47;70;39478;39478;267.3;16.4;1;3;24;0;0;0;1; 1
37;47;71;39478;39478;950;6.4;1;3;40;0;0;0;1; 1
55;52;73;39478;39478;0;16.4;1;1;24;0;0;0;1; 3
47;53;74;39578;39578;42.8;6.4;1;1;23;0;0;0;1; 3
45;55;76;39578;39578;490;1.9;1;1;40;0;0;0;1; 3
40;57;78;39584;39584;3105;0;1;3;8;0;0;0;1; 1
44;58;79;39585;39585;32429.8;0;1;1;8;0;0;0;1; 3
44;58;80;39585;39585;9250;1.9;1;1;40;0;0;0;1; 3
44;58;81;39585;39585;42299.9;8.3;1;1;23;0;0;0;1; 3
41;59;82;39585;39585;2851.2;0;1;3;8;0;0;0;1; 1
42;60;83;39586;39586;89.1;11.9;1;3;24;0;0;0;1; 1
43;61;84;39586;39586;950;2.6;1;3;40;0;0;0;1; 1
36;41;68;39292;39292;950;0;1;3;40;0;0;0;1; 1
51;44;7;39397;39397;46374.5;0;1;1;40;0;0;0;1; 3
51;44;6;39397;39397;5234.3;0;1;1;20;0;0;0;1; 3
52;42;5;39403;39403;558;0;1;1;18;0;0;0;1; 3
49;12;24;38682;38680;99.9;0;1;3;40;0;0;0;1; 1
20;20;43;38697;38697;98.9;0;1;3;37;0;0;0;1; 1
56;62;85;39611;39666;45000;2.6;1;3;37;0;0;0;1; 1
56;63;86;39666;39666;39564;2.6;1;3;37;0;0;0;1; 1
56;64;87;39666;39666;45000;2.6;1;3;37;0;0;0;1; 1
2;65;91;39667;39667;0;2.3;1;3;5;0;0;0;1; 1
2;65;90;39667;39667;0;1;1;3;12;0;0;0;1; 1
2;65;89;39667;39667;0;0.2;1;3;4;0;0;0;1; 1
2;65;88;39667;39667;0;0.1;1;3;35;0;0;0;1; 1
2;65;92;39667;39667;0;14.9;1;3;39;0;0;0;1; 1
58;66;93;39690;39690;950;2.6;1;3;40;0;0;0;1; 1
58;66;98;39690;39690;267.3;12.6;1;3;24;0;0;0;1; 1
58;66;99;39690;39690;0;14.9;1;3;39;0;0;0;1; 1
60;71;106;39792;39792;10330.6;2.6;1;1;37;0;0;0;1; 3
61;72;109;39792;39792;89.1;12.6;1;3;24;0;0;0;1; 1
62;73;110;39792;39792;93.1;12.6;1;1;24;0;0;0;1; 3
64;74;112;39957;39957;4132.2;2.6;1;1;20;0;0;0;1; 3
64;74;113;39957;39957;3099.2;2.6;1;1;3;0;0;0;1; 3
63;75;114;40005;40005;92500;2.6;1;3;40;0;0;0;1; 1
68;89;136;40117;40117;92500;2.6;1;3;40;0;0;0;1; 1
70;84;131;40066;40066;42300;8.3;1;1;23;0;0;0;1; 3
69;85;130;40044;40044;51652.8;2.6;1;1;40;0;0;0;1; 3
71;87;133;40066;40066;46250;2.6;1;3;40;0;0;0;1; 1
67;81;132;40048;40048;405;8.3;1;3;23;0;0;0;1; 1
74;94;139;40214;40214;49500;22;1;3;9;0;0;0;1; 1
77;96;142;40216;40216;0;12.6;1;3;24;0;0;0;1; 1
75;95;140;40216;40216;49;2.6;1;3;40;0;0;0;1; 1
75;95;141;40216;40216;9250;2.6;1;3;40;0;0;0;1; 1
78;98;144;40303;40318;99000;22;1;3;9;0;0;0;1; 1
72;97;143;40237;40237;51700;22;1;1;9;0;0;0;1; 3
80;99;149;40432;40432;0;10;1;1;39;0;0;0;1; 3
80;99;147;40432;40432;0;0;1;1;12;0;0;0;1; 3
80;99;148;40432;40432;0;2;1;1;5;0;0;0;1; 3
80;99;145;40432;40432;0;0.1;1;1;35;0;0;0;1; 3
80;99;146;40432;40432;0;0.2;1;1;4;0;0;0;1; 3
79;100;150;40436;40436;11;2.1;1;2;40;0;0;0;1; 1
31;32;56;39057;39057;494.6;6.4;1;3;37;0;0;0;1; 1
31;31;55;39057;39057;494.6;6.4;1;3;37;0;0;0;1; 1
