DELIVERY_DOC_ID
203
212
204
213
205
206
214
207
215
208
209
210
211
216
217
218
220
221
222
223
224
225
226
227
228
229
230
231
232
233
234
235
60001
60002
60000
60003
60004
60005
60007
60009
60006
60013
60008
60010
60011
60012
60014
60017
60019
60015
60018
60016
60021
60022
60023
60024
60026
60027
60028
60029
60030
60031
60032
60033
60034
60035
60036
60037
60038
60039
60040
60041
60042
60043
60044
60045
60056
60046
60061
60047
60052
60048
60057
60058
60049
60060
60059
60050
60062
60051
60053
60054
60055
60063
60064
60065
60066
60067
60070
60071
