ORDER_ID
50165
50184
50173
50170
50167
50174
50001
50002
50003
50160
50008
50009
50030
50005
50031
50039
50040
50041
50043
40005
50045
50046
50148
50149
50150
50151
50152
50155
50157
50158
50159
50162
50161
50163
50164
40006
50169
50172
40009
50178
50180
50181
50182
50179
50177
50176
50175
50004
40000
50037
40007
40008
50166
50168
50171
50183
50185
40010
50186
50191
50192
50193
50195
50194
50189
50190
50197
50200
50196
50199
50198
40011
50205
50201
50202
50203
50204
40012
50207
50206
